#MDW V1.0
header
	solid	1
	part	1
	vertex	25
	face	36
	fnode	108
	tvertex	4
	tedge	4
end
solid
	1	/p 1 1 /v 1 25 /f 1 36 
end
part
	1	/f 1 36 
end
vertex
	1	0 -0.606764 0.463525
	2	0 -0.143238 0.75
	3	0 0.143238 -0.75
	4	0 0.606764 -0.463525
	5	0.272454 0.606764 0.374999
	6	-0.272454 0.606764 0.374999
	7	0.272454 -0.606764 -0.374999
	8	-0.272454 -0.606764 -0.374999
	9	0.713292 -0.143237 0.231762
	10	0.713292 0.143237 -0.231762
	11	-0.713292 -0.143237 0.231762
	12	-0.713292 0.143237 -0.231762
	13	0.440838 0.143237 0.606764
	14	-0.440838 0.143237 0.606764
	15	0.440838 -0.606764 0.143237
	16	-0.440838 -0.606764 0.143237
	17	0.440838 0.606764 -0.143237
	18	-0.440838 0.606764 -0.143237
	19	0.440838 -0.143237 -0.606764
	20	-0.440838 -0.143237 -0.606764
	21	-0.166727 0.321366 0.517698
	22	0.168665 -0.319812 0.518329
	23	0.272003 -0.430005 0.375146
	24	0.168665 0.320583 -0.517852
	25	0.272003 0.143237 -0.552378
end
face
	1	1 15 9 
	2	1 9 13 
	3	1 13 2 
	4	1 2 14 
	5	1 14 11 
	6	1 11 16 
	7	5 6 14 
	8	5 14 2 
	9	5 2 13 
	10	7 15 1 
	11	7 1 16 
	12	7 16 8 
	13	19 10 9 
	14	19 9 15 
	15	19 15 7 
	16	10 17 5 
	17	10 5 13 
	18	10 13 9 
	19	20 8 16 
	20	20 16 11 
	21	20 11 12 
	22	18 12 11 
	23	18 11 14 
	24	18 14 6 
	25	3 4 17 
	26	3 17 10 
	27	3 10 19 
	28	4 18 6 
	29	4 6 5 
	30	4 5 17 
	31	3 20 12 
	32	3 12 18 
	33	3 18 4 
	34	3 19 7 
	35	3 7 8 
	36	3 8 20 
end
tvertex
	1	/v 6
	2	/v 15
	3	/v 4
	4	/v 19
end
tedge
	1	/v 1 2 /l 6
		1	/v 6 /s 0 /t 0 
		2	/v 21 /s 1 /t 1 /e 14 5 
		3	/v 2 /s 0 /t 0 
		4	/v 22 /s 1 /t 1 /e 13 1 
		5	/v 23 /s 1 /t 1 /e 9 1 
		6	/v 15 /s 0 /t 0 
	2	/v 1 3 /l 2
		1	/v 6 /s 0 /t 0 
		2	/v 4 /s 0 /t 0 
	3	/v 3 4 /l 4
		1	/v 4 /s 0 /t 0 
		2	/v 24 /s 1 /t 1 /e 17 3 
		3	/v 25 /s 1 /t 1 /e 10 3 
		4	/v 19 /s 0 /t 0 
	4	/v 4 2 /l 2
		1	/v 19 /s 0 /t 0 
		2	/v 15 /s 0 /t 0 
end
